node	Degree Centrality	Betweenness centrality	Eigenvector centrality
0	5	0.021520477767384208	0.0013650102735143482
1	6	0.009651901065174289	0.003897997789132279
2	20	0.047681747112726894	0.005509593489226528
3	2	0.003627004822535694	0.00018587511654985156
4	5	0.015871025036061054	0.0004728617390051456
5	2	0.0005366565035865066	0.00022230456750394953
6	3	0.0017276245209839809	0.00019864545794959898
7	3	0.0005585086655900087	3.247232240191414e-05
8	3	0.0035000482086002213	0.0014338798563919182
9	2	0.0	3.066892842394264e-05
10	2	0.0	0.00017238568968475733
11	3	0.00036507618679471466	0.0006327312244726002
12	5	0.0032967677582452517	0.0006663060246960966
13	1	0.0	0.0007309904150070357
14	2	0.0023067420109199746	0.0009422976011424162
15	25	0.03248084619962507	0.005668120171016604
16	7	0.009647050713470615	0.001433224667401243
17	1	0.0	0.002531460972482136
18	21	0.022092161496117296	0.019076578298124848
19	3	0.0004980887396817857	9.69632762179188e-05
20	2	0.0009171800664657336	0.00037678153558617624
21	5	0.002098415717416035	0.0003011533798681092
22	2	0.0	5.282303170209055e-05
23	3	0.00186388882062892	0.015573279941847354
24	4	0.002879508054741176	0.004744802852304815
25	38	0.1294204125495881	0.10932745706036624
26	2	0.0002585158765494839	0.003328558606372632
27	3	0.00013414904277656516	0.008758993748073056
28	3	9.467354470293204e-05	0.004201845071480112
29	9	0.025677020587736354	0.03877048569944908
30	5	0.00013567099058659152	0.0230708422339056
31	1	0.0	9.371584091706587e-07
32	2	0.0008340751790454651	7.063915002366822e-06
33	1	0.0	6.517507438154122e-97
34	1	0.0	6.517507438154122e-97
35	9	0.012176777734434572	0.001140861059153917
36	18	0.019044882373676107	0.001102169463241034
37	12	0.013069210131448848	0.0011192556686367107
38	1	0.0	0.0001513869799009703
39	5	0.008713818127284943	0.0018707459564024588
40	3	0.004141988282946086	0.002641878018898705
41	2	0.00193214328220124	0.00110929508181837
42	1	0.0	0.0001513869799009703
43	2	0.0	0.00029763737691981227
44	2	0.0008340751790454651	0.0001541006629139073
45	11	0.007676501804893098	0.008186548653308128
46	12	0.011083339274344784	0.010581549039595805
47	6	0.0025652431792590677	0.0021043104320077584
48	2	0.0006964585069798592	0.007203200240463065
49	7	0.003996031769662952	0.029335073309090708
50	6	0.0025652431792590677	0.0021043104320077584
51	3	0.001413236799141852	0.003249705560363583
52	1	0.0	0.001086329327674052
53	1	0.0	0.001086329327674052
54	1	0.0	0.001086329327674052
55	2	0.0010394069062208988	0.001216496492387766
56	5	0.010741755132457677	0.0133709067162582
57	30	0.07043831015975033	0.054248729489958694
58	15	0.01952461081205695	0.022513562314219412
59	29	0.042044125382567576	0.011995730119819003
60	1	0.0	0.0017741392205706476
61	7	0.012701526552342668	0.010241250056672209
62	2	0.0008340751790454651	0.0007728214193159819
63	1	0.0	0.00010254458969993547
64	10	0.013584641301426083	0.005721943576237576
65	1	0.0	0.00014616862309340634
66	2	0.0008340751790454651	0.0011015253982802915
67	2	2.864269158809976e-06	4.253660892738876e-71
68	1	0.0	2.159640234212365e-71
69	2	4.582830654095962e-06	6.218436217495785e-71
70	3	0.0	1.8604194906598805e-51
71	3	0.0	1.8604194906598805e-51
72	3	0.0	1.8604194906598805e-51
73	3	0.0	1.8604194906598805e-51
74	1	0.0	0.0001024880918972739
75	15	0.01597149719904307	0.0007723550750325725
76	5	0.019945631171441252	0.01308803431638506
77	29	0.08493643499858602	0.0554586569618715
78	21	0.04026920377513221	0.015249069009905355
79	9	0.012751155958098693	0.005700135605934406
80	2	0.0008340751790454651	0.0027611227267653336
81	9	0.009562407625986846	0.020448284657959063
82	1	0.0	0.0003662786925055598
83	3	0.0	3.4778418088871143e-79
84	1	0.0	2.149424445387653e-79
85	1	0.0	0.0025731006172107673
86	5	0.0016675775042591682	0.019404759593498435
87	7	0.0027893479601170156	0.005003096064894998
88	3	0.00045618766170330374	0.0030342962078025995
89	3	0.0018624335246381	0.004882720950849793
90	10	0.005463019154520702	0.009285059238979848
91	3	0.00027969127415744923	0.003924552633959173
92	1	0.0	0.0006639106441063974
93	1	0.0	0.0006639106441063974
94	1	0.0	6.517507438154122e-97
95	1	0.0	6.517507438154122e-97
96	1	0.0	9.745575456760897e-05
97	2	0.0008340751790454651	0.0007346155690393214
98	1	0.0	6.517507438154122e-97
99	1	0.0	6.517507438154122e-97
100	6	0.0023775088131697546	0.0037254781443662875
101	4	0.0006646831004314856	0.0018319403913517388
102	7	0.004864331170184878	0.00443975393711798
103	5	0.0008423326533785356	0.0025577103676390437
104	4	0.002805650493652918	0.0012031742603963813
105	5	0.01044462333095242	0.009030142909073
106	5	0.006321732583327375	0.009013805772636363
107	2	0.0	2.5343211786974047e-70
108	2	0.0	2.5343211786974047e-70
109	2	0.0	2.5343211786974047e-70
110	1	0.0	0.0033855662216330973
111	6	0.01809675443776116	0.02552078203940003
112	3	0.0034018741713081695	0.017246752212175954
113	5	0.007352332818085723	0.002020474976261534
114	2	0.004068390829779105	0.007715348508249017
115	1	0.0	0.0005171459905277551
116	1	0.0	0.0005171459905277551
117	11	0.003264396567207636	0.0071551553539947275
118	7	0.010301904894716461	0.003929508116657202
119	3	6.574305690657547e-06	0.0038205464424092206
120	3	0.0	0.0035285643699410263
121	4	0.002841553314567015	0.0036530798614996776
122	3	0.0008406494847361228	0.0018431256342220797
123	27	0.04228801680562365	0.01514634408275142
124	6	0.006651105900298035	0.004763476056684021
125	2	0.0011026426335490004	0.003319672177875962
126	4	2.471876884287142e-05	0.004288806937390156
127	7	0.0036365622822119798	0.005805611435381691
128	3	6.574305690657547e-06	0.0038205464424092206
129	1	0.0	6.517507438154122e-97
130	1	0.0	6.517507438154122e-97
131	2	0.002498788414145823	6.427461173827065e-06
132	4	0.00582248634602892	4.755365757631657e-05
133	3	0.0016675775042591682	8.840599419802079e-07
134	3	0.005848701326610784	0.008148866859098236
135	2	0.0003235638599068773	0.0008663949758180862
136	2	0.0008340751790454651	0.0007677278234521315
137	3	0.0029206008570381386	0.0008927110661639935
138	2	0.005977059217926554	0.0014831296887425874
139	1	0.0	0.0007521392737355518
140	4	0.001913766319220914	0.0009384971708218169
141	7	0.006038048867945078	0.002742542805900554
142	2	0.0008340751790454651	0.0007656219614192267
143	3	0.0015708137934639065	0.0020302631923382677
144	6	0.013324231242580394	0.010152590424264415
145	2	0.001011170750173504	0.0007848784316477662
146	3	0.01216237436924588	0.0029652975890265077
147	2	0.0049872654593199305	0.0007664986995876698
148	1	0.0	0.0007521392737355518
149	1	0.0	0.0007521392737355518
150	1	0.0	0.0007521392737355518
151	1	0.0	0.0007521392737355518
152	1	0.0	0.0007521392737355518
153	2	9.318006425067523e-05	0.0009475465631687256
154	1	0.0	0.0007521392737355518
155	1	0.0	0.0007521392737355518
156	1	0.0	0.0007521392737355518
157	1	0.0	0.0007521392737355518
158	2	2.864269158809976e-06	5.468401035321465e-71
159	3	6.301392149381948e-06	7.994267504464642e-71
160	1	0.0	2.7763799678644876e-71
161	2	0.0008340751790454651	0.00019848241871870203
162	1	0.0	2.6333521453531637e-05
163	4	0.006285346239915804	0.001469713764231565
164	1	0.0	0.0015917721466388254
165	1	0.0	0.00037615013129561024
166	13	0.009854534110471382	0.002834546703053229
167	2	0.0	0.0008947605582525072
168	6	0.0030399914288902347	0.0034553414292645664
169	3	0.0004111643911465867	0.0032896045925122817
170	8	0.00017323568671570038	0.0018491408453953635
171	6	0.00017323568671570038	0.0016324867219564669
172	5	0.0	0.0012273216631025318
173	9	0.0014853525327086364	0.0024670645265929174
174	9	0.0009499812677439979	0.0019089659900095198
175	6	0.004736609287013226	0.003458518766747702
176	7	0.0	0.0013902106625154286
177	3	0.0009195745370261316	0.014567545475545724
178	16	0.020021786599095873	0.06988417277473755
179	1	0.0	0.08983790944965579
180	56	0.0598677445668738	0.6775137560770503
181	1	0.0	0.00037615013129561024
182	2	0.0008340751790454651	6.423254570800237e-06
183	1	0.0	6.310142577139013e-06
184	3	0.006763012443034246	0.00033921756516062685
185	1	0.0	3.423346506511434e-05
186	2	0.0008340751790454651	0.0002579913799933791
187	2	0.0008340751790454651	0.00943711916106952
188	1	0.0	0.0012519800127724922
189	1	0.0	0.0020098830095805495
190	1	0.0	0.08983790944965579
191	2	0.0016670046504274063	0.00035467607132429527
192	3	0.0033311450316960024	0.002624754832498634
193	2	0.0008340751790454651	4.7912822296284624e-05
194	1	0.0	0.08983790944965579
195	7	0.0039090030496712926	0.004604422582430658
196	2	0.00045001965248046843	0.0006283699185155588
197	4	0.002578240791776367	0.0023081691763134557
198	7	0.014899468190367355	0.018935662613273483
199	2	0.0010502782582752729	0.007997165105918328
200	1	0.0	0.0006108402947278826
201	3	0.001036836480116255	0.003617094543298035
202	1	0.0	0.0006108402947278826
203	1	0.0	6.517507438154122e-97
204	1	0.0	6.517507438154122e-97
205	2	0.0008340751790454651	0.00020659158245693224
206	3	0.004290649320997907	0.0015296788123992165
207	1	0.0	2.7410873275064525e-05
208	1	0.0	0.00034820124087490164
209	3	0.0016675775042591682	0.002623880083840486
210	1	0.0	7.911073611847578e-05
211	10	0.012825008549914953	0.0005961463540380759
212	6	0.0016730196156609072	0.00015758818796668948
213	1	0.0	2.0912260583034787e-05
214	1	0.0	2.0912260583034787e-05
215	2	0.0	0.00012340035248030868
216	3	0.0031441102469535525	0.00012659312176843603
217	2	0.0	0.00012340035248030868
218	2	0.0007016217251060225	0.0001909087621665904
219	1	0.0	0.000990016151567257
220	3	0.0016675775042591682	0.007460947257734569
221	2	0.0013893960864284239	0.0011373503820350606
222	7	0.005413339406469894	0.00836903566387176
223	2	0.001105041486795305	0.00020229410883817054
224	3	0.0016675775042591682	0.00025109444510480413
225	1	0.0	3.331882313357865e-05
226	5	0.005424066714948123	0.001825695902047557
227	1	0.0	3.331882313357865e-05
228	1	0.0	1.2271887578061623e-84
229	2	5.728538317619953e-07	1.735506984881266e-84
230	1	0.0	0.0018561872976503005
231	15	0.018952336885529688	0.013990225323887731
232	2	0.0008340751790454651	3.638114292195017e-05
233	2	0.0016670046504274063	0.0002694220594484724
234	1	0.0	4.826327384960716e-06
235	1	0.0	0.0006321450927140826
236	1	0.0	6.517507438154122e-97
237	1	0.0	6.517507438154122e-97
238	2	0.0008340751790454651	0.00035451304144621174
239	1	0.0	4.7046863651528735e-05
240	6	0.0055130568569065445	0.0026244146447761373
241	2	0.0	0.0020958510365984085
242	2	0.0	0.0020958510365984085
243	14	0.018205671486832786	0.013698180442300355
244	5	0.005823059199860682	0.00043278151214256016
245	3	0.002498788414145823	5.995543392815983e-05
246	1	0.0	5.7418646266828055e-05
247	2	0.006640521617785049	0.0030298680226122166
248	1	0.0	5.7418646266828055e-05
249	1	0.0	5.7418646266828055e-05
250	2	0.0006056055951224147	0.0017530583197848469
251	6	0.003713818548648557	0.0012153800620443792
252	1	0.0	0.0004812917991768741
253	19	0.02052760710367984	0.0036267085356474233
254	3	0.0035743840671879808	0.0017200866888539641
255	2	0.0012194652231180786	0.00023504481459703399
256	11	0.010033347834373348	0.007219267855746061
257	1	0.0	0.0015917721466388254
258	5	0.001969574943697019	0.0027290522485037107
259	6	0.012327664404461775	0.01032920381511148
260	2	0.0007969333075880855	0.007560321620840752
261	1	0.0	0.0003621191031194906
262	2	0.00031744397514711403	0.001953891249758316
263	1	0.0	0.0003621191031194906
264	1	0.0	1.2271887578061623e-84
265	2	5.728538317619953e-07	1.735506984881266e-84
266	6	0.00573830610467181	0.024267916130457114
267	4	0.0046506159791765	0.09812238371241079
268	3	0.0	0.01880225854572843
269	23	0.04614871891699441	0.022405357070721586
270	1	0.0	0.0004812917991768741
271	3	0.0014198707722405425	0.0009153979659396001
272	5	0.0027153192287082744	0.0010557000415861643
273	1	0.0	0.00012146164188127127
274	1	0.0	1.5839507366858782e-70
275	3	5.155684485857957e-06	3.1679014733717564e-70
276	6	0.011434192903699474	0.00041731010914902364
277	2	0.0	0.00020162869045068507
278	2	0.006125771226599233	5.721276637024733e-05
279	2	0.0	0.00020162869045068507
280	7	0.019196097580978407	0.0015169813406636574
281	4	0.0008340751790454651	6.517552291218325e-05
282	1	0.0	0.0007309904150070357
283	2	0.0021307843162586253	0.0033799527542609496
284	12	0.01848933705880666	0.010224413886411036
285	2	5.728538317619953e-07	1.735506984881266e-84
286	1	0.0	1.2271887578061623e-84
287	1	0.0	1.2271887578061623e-84
288	1	0.0	2.1494244453876505e-79
289	3	0.0	3.47784180888711e-79
290	5	0.008272050792642656	0.09688247859105507
291	4	0.006019292277222302	0.013863924584092609
292	2	0.0005669723050996229	0.01309187614665796
293	2	0.0002874614845870281	0.0133245718379612
294	1	0.0	0.012846531840048608
295	1	0.0	0.012125629617857717
296	2	0.0008340751790454651	0.09144575478454008
297	4	0.005577380264272091	0.0012423106834767164
298	2	0.0008340751790454651	0.00014887191173599296
299	2	0.0018489674771122104	0.0007650715144436492
300	1	0.0	0.0001462503970188419
301	1	0.0	0.0001462503970188419
302	1	0.0	0.0001462503970188419
303	2	0.0006526160801764931	0.0002947622424267157
304	3	0.0036759195146709458	0.00081597800856989
305	2	0.0004209988061999837	0.00018424477695762925
306	3	0.0031514044943223144	0.0003002420514276053
307	1	0.0	0.0001462503970188419
308	3	0.0024728652650345523	0.0005076725112358154
309	1	0.0	2.6979252634119336e-06
310	4	0.0016675775042591682	2.03315077682928e-05
311	2	0.0028123677162056036	0.007573918378662334
312	4	0.003676717331633616	0.0016298338843798253
313	2	0.0	0.00014771507068377714
314	7	0.0024240862807308797	0.000526385661212624
315	13	0.007605378755563428	0.000586745791295118
316	2	0.0	6.517507438154122e-97
317	1	0.0	0.0002024350766581384
318	5	0.006665997790926498	0.0015257700118075557
319	2	0.0002928334641106612	0.0011552772598617377
320	5	0.005517649458918641	0.007767807900000623
321	1	0.0	0.00012453988169307248
322	1	0.0	6.517507438154122e-97
323	1	0.0	6.517507438154122e-97
324	1	0.0	6.517507438154122e-97
325	1	0.0	6.517507438154122e-97
326	2	0.0	2.5343211786974047e-70
327	2	0.0	2.5343211786974047e-70
328	2	0.0	2.5343211786974047e-70
329	1	0.0	0.000173339129035899
330	8	0.006435802298300609	0.001306533570319872
331	5	0.003993377798140251	0.0021016123972995276
332	6	0.00800140716793612	0.0008096411481189011
333	13	0.0074804689791567605	0.0038380194981798453
334	10	0.015065865557057087	0.005245928894158723
335	11	0.009983570720653489	0.004268691629572289
336	4	0.0007925111468386119	0.0016778728341354972
337	2	0.0	0.003935622683805818
338	2	0.0028173891462596424	0.0017803118426192926
339	2	0.001922560100274722	0.008602364229044946
340	2	0.0004133627186648936	0.0025739289279809716
341	1	0.0	0.0014041617113236826
342	4	0.0024990748410617042	0.0036186263161443275
343	2	0.0	0.0005635798285708462
344	2	0.0	0.0005635798285708462
345	3	2.8642691588099763e-07	0.0006295899575622021
346	5	0.003364173930165651	0.003926307984007101
347	4	0.0027635874229214913	0.0005973796726428022
348	5	0.002447323312676652	0.00259651984350614
349	5	0.0009827535691263943	0.002349767583010317
350	2	0.00021167965243814015	0.0015382060927820959
351	1	0.0	5.003674912177632e-07
352	6	0.002500506975641109	3.770888917217746e-06
353	2	0.0	0.01721487013423122
354	3	0.002115680644231103	0.005440140121457208
355	3	0.00044412134718518946	0.006389722826112354
356	2	0.0	0.0035600651408661125
357	1	0.0	0.0027125328844687206
358	1	0.0	0.00062934274315353
359	1	0.0	6.517507438154122e-97
360	1	0.0	6.517507438154122e-97
361	1	0.0	1.2271887578061623e-84
362	2	5.728538317619953e-07	1.735506984881266e-84
363	1	0.0	0.00012453988169307248
364	1	0.0	1.2271887578061623e-84
365	2	5.728538317619953e-07	1.735506984881266e-84
366	1	0.0	0.0007314220631363257
367	21	0.02865710936266133	0.005512671669421291
368	1	0.0	6.517507438154122e-97
369	1	0.0	6.517507438154122e-97
370	3	0.0016670046504274063	0.00022539712693658476
371	2	0.0	3.448192072671001e-05
372	2	0.0	3.448192072671001e-05
373	6	0.024899466644636815	0.018302812223451422
374	7	0.021867313826402553	0.003887282061074709
375	7	0.012575974624444942	0.005021822895168901
376	6	0.007083644647194432	0.0029676671005044856
377	6	0.006790653529537373	0.006545329071035409
378	2	0.0008340751790454651	0.00015151513601411803
379	1	0.0	2.010486684868111e-05
380	4	0.002718576408334482	0.0011217833234071788
381	2	0.0	3.961684309390541e-08
382	2	0.0	3.961684309390541e-08
383	4	0.0016670046504274063	2.5894428585976083e-07
384	1	0.0	6.517507438154122e-97
385	1	0.0	6.517507438154122e-97
386	1	0.0	1.2271887578061623e-84
387	2	5.728538317619953e-07	1.735506984881266e-84
388	1	0.0	0.0145023372497625
389	1	0.0	8.523631853152208e-07
390	1	0.0	8.357862644826975e-06
391	5	0.01212427496609034	6.299400744911145e-05
392	4	0.004509639623629604	0.002691593548921364
393	1	0.0	0.0003571873369189127
394	1	0.0	0.0003571873369189127
395	4	0.005547309756895892	0.0004922906466344842
396	1	0.0	1.1744273179305452e-05
397	5	0.0033328635931912883	8.852439017920013e-05
398	2	0.0016670046504274063	0.007329574887727916
399	5	0.009523706055845689	0.023046363282551986
400	4	0.009127455452582282	0.00822122361826717
401	13	0.015239307533857726	0.06379882192016233
402	3	0.018832129714189558	0.007880799801768423
403	5	0.012133858485026452	0.016515991989185335
404	11	0.012185819772542914	0.06057779709291213
405	3	0.0024124010875584594	0.0076666289026916384
406	4	0.008175851743759512	0.012233603827605003
407	3	0.005342113465628026	0.022180414836288978
408	5	0.00973018100103165	0.013924402915909113
409	4	0.002595592524327237	0.008702845598466786
410	6	0.00783751237230813	0.009516276719349275
411	6	0.006237078918088372	0.017863576650650703
412	2	0.001850081957674118	0.009221679247444148
413	1	0.0	0.0071982025177212625
414	1	0.0	0.0071982025177212625
415	1	0.0	0.0071982025177212625
416	1	0.0	0.0071982025177212625
417	1	0.0	0.0071982025177212625
418	1	0.0	0.0071982025177212625
419	2	0.0008340751790454651	0.007327219905345247
420	1	0.0	0.00034820124087490164
421	1	0.0	0.00019919946531774278
422	10	0.004868959299128993	0.0015013497177855312
423	1	0.0	0.08983790944965579
424	1	0.0	3.493639701210467e-05
425	7	0.004815479473133512	0.00026334486417680655
426	1	0.0	0.0007674447006168139
427	6	0.011535068778790956	0.005784487988736368
428	1	0.0	0.000414716762005827
429	16	0.008680158205474978	0.0031250373937904553
430	4	0.002500506975641109	0.015310603428107916
431	1	0.0	0.002030995683773231
432	1	0.0	0.002030995683773231
433	1	0.0	0.002030995683773231
434	1	0.0	0.00019498855088866303
435	1	0.0	0.000990016151567257
436	3	0.0	1.6006131888516895e-05
437	2	0.0008340751790454651	0.00010461218763375598
438	1	0.0	3.493639701210467e-05
439	2	0.0008340751790454651	0.000990016151567257
440	1	0.0	0.0003031250957651767
441	11	0.010119611239440461	0.0022846250508598313
442	1	0.0	6.517507438154122e-97
443	1	0.0	6.517507438154122e-97
444	1	0.0	6.517507438154122e-97
445	1	0.0	6.517507438154122e-97
446	1	0.0	6.375994433675212e-05
447	4	0.002500506975641109	0.00048074367165619827
448	1	0.0	0.0003031250957651767
449	1	0.0	6.517507438154122e-97
450	1	0.0	6.517507438154122e-97
451	2	5.728538317619953e-07	1.735506984881266e-84
452	1	0.0	1.2271887578061623e-84
453	1	0.0	1.2271887578061623e-84
454	1	0.0	0.08983790944965579
455	1	0.0	2.575252160327222e-05
456	3	0.0016675775042591682	0.00019406089026389602
457	2	5.155684485857957e-06	3.167901473371756e-70
458	3	5.155684485857957e-06	3.167901473371756e-70
459	1	0.0	1.5839507366858782e-70
460	2	0.009442838313382516	0.002088993745699025
461	1	0.0	0.00037615013129561024
462	2	0.0010366374964665692	0.0014960212754268668
463	13	0.023223206257867477	0.03536630801207803
464	1	0.0	0.004692349282760175
465	1	0.0	0.004692349282760175
466	1	0.0	0.004692349282760175
467	3	0.0	0.005410186388849925
468	1	0.0	0.004692349282760175
469	5	0.002862430350396818	0.005479248180779529
470	3	0.0016675775042591682	0.004863597034943815
471	3	0.006071500533433486	0.0051331820703867746
472	2	0.0004932123124533417	0.0077953203106818185
473	5	0.0026483699054508938	0.003298528576650461
474	5	0.0037650209941095802	0.013817802743539666
475	7	0.000940547866718667	0.007052640874569973
476	12	0.021565076039466457	0.05567835945345123
477	5	0.002817109531046517	0.008640118720273416
478	4	3.4371229905719715e-06	7.882475670940372e-50
479	2	2.291415327047981e-06	2.842003771441214e-50
480	3	0.0	7.188713003700741e-50
481	3	0.0	7.188713003700741e-50
482	3	0.0	7.188713003700741e-50
483	1	0.0	0.0015917721466388254
484	1	0.0	6.517507438154122e-97
485	1	0.0	6.517507438154122e-97
486	3	0.0011139476923347187	0.0008611201499589851
487	1	0.0	0.00011425570208253436
488	2	0.00046718964866816385	0.0020189453437655766
489	2	0.001133704314090019	0.01477016082351799
490	2	0.00031023397401369016	0.0004495985149345029
491	1	0.0	6.517507438154122e-97
492	1	0.0	6.517507438154122e-97
493	1	0.0	6.517507438154122e-97
494	1	0.0	6.517507438154122e-97
495	1	0.0	0.001292920686930696
496	3	0.004872754706259316	0.009745676586437092
497	7	0.009961928134341097	0.0002033811116142985
498	1	0.0	2.698106872345421e-05
499	2	0.0008340751790454651	2.7464456843565896e-05
500	1	0.0	2.698106872345421e-05
501	1	0.0	2.698106872345421e-05
502	1	0.0	2.698106872345421e-05
503	2	0.004158918818592086	2.747343994742321e-05
504	11	0.023583968953862326	0.0013702382963305575
505	4	0.003958595795950927	0.0023482655926677855
506	6	0.0035851887763891296	0.002139152644907867
507	2	0.0008336414127944054	0.00043647031290253076
508	2	5.728538317619953e-07	1.735506984881266e-84
509	1	0.0	1.2271887578061623e-84
510	1	0.0	1.2271887578061623e-84
511	1	0.0	0.0003031250957651767
512	1	0.0	0.0003031250957651767
513	1	0.0	0.0003031250957651767
514	1	0.0	0.0003031250957651767
515	1	0.0	0.0003031250957651767
516	1	0.0	0.0003031250957651767
517	1	0.0	9.589891666556107e-09
518	4	0.002500506975641109	7.225236779069659e-08
519	1	0.0	6.517507438154122e-97
520	1	0.0	6.517507438154122e-97
521	2	0.005814466392384252	0.0007456328181517116
522	5	0.004992421143805789	0.00010709882671814306
523	1	0.0	0.000414716762005827
524	1	0.0	0.000414716762005827
525	1	0.0	0.000414716762005827
526	1	0.0	0.000414716762005827
527	1	0.0	0.000414716762005827
528	6	0.012537167610222893	0.0037988673733055645
529	2	0.001666770639732513	0.0011457071770128628
530	2	0.0012740587645379312	0.0022709040596561275
531	1	0.0	0.000414716762005827
532	1	0.0	0.08983790944965579
533	1	0.0	0.0004812917991768741
534	1	0.0	0.0004812917991768741
535	1	0.0	0.0004812917991768741
536	1	0.0	0.0004812917991768741
537	2	0.0001481623612055555	0.0007456159302385283
538	4	0.0034775888314062674	0.000777526780373543
539	1	0.0	0.0004812917991768741
540	1	0.0	0.0004812917991768741
541	1	0.0	0.0004812917991768741
542	4	0.00416292879541442	0.0005083147311917017
543	1	0.0	0.0004812917991768741
544	3	0.003453116388078816	0.0007728176734250004
545	2	0.0031261749873714604	0.002073063945815699
546	3	1.7185614952859858e-06	2.5340517373074493e-76
547	1	0.0	1.4630354526748945e-76
548	1	0.0	1.4630354526748945e-76
549	1	0.0	1.4630354526748945e-76
550	1	0.0	0.00022296737077523283
551	11	0.007714049733741623	0.00168061768115134
552	2	5.728538317619953e-07	1.735506984881266e-84
553	1	0.0	1.2271887578061623e-84
554	1	0.0	1.2271887578061623e-84
555	9	0.007482332177097017	0.004216467707635713
556	1	0.0	0.001110507622830733
557	18	0.021328558564075114	0.046100276238419356
558	3	0.0016675775042591682	0.00027319966606194487
559	1	0.0	3.624949386966907e-05
560	1	0.0	3.624949386966907e-05
561	3	0.0028433669947485725	0.001986566315187043
562	1	0.0	0.0001024880918972739
563	5	0.0033328635931912883	1.973511953729904e-06
564	1	0.0	2.619087849275294e-07
565	1	0.0	2.619087849275294e-07
566	7	0.010196818400543558	1.3823532456295676e-05
567	1	0.0	2.619087849275294e-07
568	1	0.0	2.619087849275294e-07
569	1	0.0	0.0145023372497625
570	1	0.0	0.0004129016359191201
571	2	0.0008340751790454651	0.003112259145135796
572	1	0.0	3.642117455181372e-07
573	2	0.0008340751790454651	2.7446387976888067e-06
574	1	0.0	6.517507438154122e-97
575	1	0.0	6.517507438154122e-97
576	1	0.0	2.8250508708946335e-05
577	2	0.0008340751790454651	0.0002129475919428715
578	4	1.1457076635239905e-06	4.012059343880701e-68
579	1	0.0	1.914795428314061e-68
580	2	1.1457076635239905e-06	2.4795890393998756e-68
581	1	0.0	1.2271887578061623e-84
582	2	5.728538317619953e-07	1.735506984881266e-84
583	2	0.0008340751790454651	0.0005765321333193471
584	1	0.0	7.649803173170533e-05
585	1	0.0	6.517507438154122e-97
586	1	0.0	6.517507438154122e-97
587	1	0.0	0.08983790944965579
588	1	0.0	0.08983790944965579
589	2	0.0016670046504274063	0.09147505483917542
590	1	0.0	0.08983790944965579
591	7	0.0399241170816784	0.12074595040461704
592	1	0.0	0.08983790944965579
593	1	0.0	0.08983790944965579
594	1	0.0	0.08983790944965579
595	1	0.0	0.08983790944965579
596	1	0.0	0.08983790944965579
597	2	0.0028763340234876306	0.09158089254735768
598	1	0.0	0.08983790944965579
599	1	0.0	0.08983790944965579
600	1	0.0	0.08983790944965579
601	2	0.0009902606241571587	0.09328103441436433
602	1	0.0	0.08983790944965579
603	3	0.016371181040334217	0.10649525532713125
604	1	0.0	0.08983790944965579
605	1	0.0	0.08983790944965579
606	1	0.0	0.08983790944965579
607	3	0.003473532025766041	0.09539178397323665
608	1	0.0	0.08983790944965579
609	2	0.0033294264702007164	0.09150599670970404
610	1	0.0	0.08983790944965579
611	1	0.0	0.08983790944965579
612	1	0.0	0.08983790944965579
613	1	0.0	0.08983790944965579
614	1	0.0	0.08983790944965579
615	1	0.0	0.08983790944965579
616	1	0.0	0.08983790944965579
617	1	0.0	0.08983790944965579
618	1	0.0	0.08983790944965579
619	1	0.0	0.08983790944965579
620	1	0.0	0.08983790944965579
621	1	0.0	0.08983790944965579
622	1	0.0	0.08983790944965579
623	1	0.0	0.08983790944965579
624	1	0.0	0.08983790944965579
625	1	0.0	0.08983790944965579
626	1	0.0	0.08983790944965579
627	1	0.0	0.08983790944965579
628	1	0.0	0.08983790944965579
629	1	0.0	0.08983790944965579
630	1	0.0	0.08983790944965579
631	1	0.0	0.08983790944965579
632	1	0.0	0.08983790944965579
633	1	0.0	0.08983790944965579
634	3	0.0	9.138019072653486e-05
635	3	0.0011764380979257384	8.69523809724157e-05
636	2	0.0013348408370331935	0.0003981096338460983
637	1	0.0	6.517507438154122e-97
638	1	0.0	6.517507438154122e-97
639	2	0.0008340751790454651	0.00010426512697297913
640	1	0.0	1.3834243101439285e-05
641	4	0.003332290739359526	0.0007720060032372776
642	2	0.0016670046504274063	1.2192621317595517e-05
643	2	0.0008340751790454651	1.6472584421540631e-06
644	2	0.002498788414145823	9.022176054463023e-05
645	1	0.0	0.0004847398249344782
646	2	0.0	0.016790180633556792
647	2	0.00046333858261459837	0.0010564694861295548
648	11	0.012899365968049551	0.004664055860590794
649	2	0.0024153340838160412	0.00034598958927341435
650	14	0.018212032786003713	0.0022159472388206844
651	2	0.0	0.0004425183468789085
652	1	0.0	0.00014851184540787382
653	1	0.0	0.00014851184540787382
654	1	0.0	0.00014851184540787382
655	9	0.010089321981289473	0.0008164848577425366
656	1	0.0	0.00014851184540787382
657	3	0.0013063887687345805	1.5397941469346048e-05
658	3	0.00015774496344910953	0.006945683678417089
659	5	0.004831398692553019	0.010329308441088926
660	6	0.006196717297482954	0.012681878949371853
661	1	0.0	6.517507438154122e-97
662	1	0.0	6.517507438154122e-97
663	4	0.0075428857454918055	0.0019738132225342857
664	6	0.006869434423422835	0.0020936794676108877
665	2	4.0964959367659556e-05	0.0036051647965669245
666	1	0.0	1.1084343710061381e-05
667	4	0.002500506975641109	8.352386371689909e-05
668	1	0.0	6.517507438154122e-97
669	1	0.0	6.517507438154122e-97
670	2	0.0022114173603507642	0.00019094264866703566
671	4	0.002374402334588989	4.195589527418603e-05
672	5	0.008140728326521846	0.001397523214593455
673	1	0.0	6.517507438154122e-97
674	1	0.0	6.517507438154122e-97
675	2	0.0008340751790454651	2.192524726066274e-05
676	3	0.001977109221855576	0.00016232942269149626
677	1	0.0	2.9093096612977863e-06
678	2	0.0002389639600493886	0.0004019481793385065
679	1	0.0	0.00014006656603391543
680	7	0.01624385968973518	0.006257107837902001
681	2	0.00032348774390704026	0.00024262160113549866
682	1	0.0	7.786238248202773e-05
683	8	0.004839470069175103	0.004079969300524077
684	5	0.006836497309585364	0.001560210453213228
685	6	0.024444651346110857	0.012512330662899892
686	2	0.0006446970436695097	0.0005568103994154786
687	1	0.0	7.786238248202773e-05
688	2	0.002681544590552435	0.002011016637718105
689	7	0.017670067938123292	0.009912295402725424
690	1	0.0	0.0006188211174248074
691	1	0.0	7.337997305949599e-74
692	3	2.864269158809976e-06	1.3558851041179593e-73
693	2	0.0008340751790454651	0.00012416549747337768
694	5	0.004660374956926526	0.0009193122385597105
695	1	0.0	1.647543399328721e-05
696	4	2.8642691588099763e-07	3.213031959999315e-05
697	2	0.0004167511626068516	0.0001050089346752407
698	2	0.0004167511626068516	0.0001050089346752407
699	1	0.0	1.4630354526748945e-76
700	3	1.7185614952859858e-06	2.5340517373074493e-76
701	1	0.0	6.517507438154122e-97
702	1	0.0	6.517507438154122e-97
703	1	0.0	6.517507438154122e-97
704	1	0.0	6.517507438154122e-97
705	1	0.0	0.00019919946531774278
706	2	0.0008078534183655152	0.00012849763415616265
707	4	0.004015951095571515	0.000543520271554639
708	4	0.002793070238737931	0.0004250154461877231
709	1	0.0	1.269622788342115e-05
710	3	0.0015946571024605168	9.567203151204523e-05
711	1	0.0	1.2271887578061623e-84
712	2	5.728538317619953e-07	1.735506984881266e-84
713	1	0.0	6.517507438154122e-97
714	1	0.0	6.517507438154122e-97
715	1	0.0	0.0002792516497569968
716	2	5.728538317619953e-07	1.735506984881266e-84
717	1	0.0	1.2271887578061623e-84
718	1	0.0	1.2271887578061623e-84
719	1	0.0	0.0007314220631363257
720	4	0.0008340751790454651	0.0035981833722520933
721	2	0.002003178961168929	0.0034336285996914946
722	6	0.0034970642821551615	0.01306902530852567
723	6	0.024786270804894896	0.014808229319202249
724	11	0.0197857446994234	0.010506474963398146
725	1	0.0	6.517507438154122e-97
726	1	0.0	6.517507438154122e-97
727	2	0.0018658107391137518	9.489571353365036e-06
728	4	0.005489964617234611	8.530195531598789e-06
729	1	0.0	1.4630354526748945e-76
730	3	1.7185614952859858e-06	2.5340517373074493e-76
731	1	0.0	8.19208861431142e-05
732	6	0.00395998460047022	0.0006177541560819591
733	1	0.0	1.1731859668805242e-07
734	1	0.0	6.517507438154122e-97
735	1	0.0	6.517507438154122e-97
736	1	0.0	0.0013704712447165609
737	1	0.0	6.517507438154122e-97
738	1	0.0	6.517507438154122e-97
739	10	0.012670659044588488	0.001488434125125223
740	2	0.0008340751790454651	2.254262789391549e-06
741	1	0.0	2.991344277692171e-07
742	3	0.0016670046504274063	1.6689411683895686e-05
743	1	0.0	1.8344729384041853e-06
744	1	0.0	1.2271887578061623e-84
745	1	0.0	1.2271887578061623e-84
746	1	0.0	0.0025731006172107673
747	1	0.0	0.0005595181477546212
748	3	0.0013551110337704179	0.002278717854029761
749	4	0.0038691081113281186	0.015349685344930695
750	1	0.0	0.00030228930483007787
751	4	0.003332290739359526	2.0319582868779514e-05
752	2	0.0	0.000769812963599976
753	6	0.003067232304668821	0.005032460507391633
754	2	0.0	0.0007698129635999759
755	1	0.0	0.005571327878803216
756	11	0.007625059040255535	0.04199007257290577
757	1	0.0	1.1084343710061381e-05
758	1	0.0	1.1084343710061381e-05
759	2	0.0008340751790454651	0.001697941077504733
760	3	0.0024999341218093474	0.012579948365825643
761	1	0.0	0.00022514467146790017
762	1	0.0	1.1731859668805242e-07
763	3	0.001972749844228531	0.0035101232708147573
764	3	0.001334284678540695	0.0005009028690755002
765	3	0.004858801738870703	0.0035519069115982245
766	1	0.0	6.517507438154122e-97
767	1	0.0	6.517507438154122e-97
768	4	0.003975717415495174	0.004656875167220495
769	5	0.006846967732245339	0.0016420971764545128
770	1	0.0	2.5537887450155747e-61
771	6	8.592807476429928e-06	6.255479336150774e-61
772	2	0.0015953338237481966	0.0031566687418434314
773	6	0.006388600652463637	0.0213996695274626
774	12	0.016851907893984875	0.0024032712008301795
775	1	0.0	3.826171446070106e-05
776	5	0.0033328635931912883	0.0002883757190157905
777	1	0.0	7.337997305949599e-74
778	2	0.0	0.003763601415173319
779	2	0.0027080633567152365	0.0004213415608189162
780	4	0.0029318364460557424	0.0033212807862673705
781	1	0.0	0.0004406353098859771
782	3	0.0	0.0005080387777936178
783	1	0.0	0.0002940065014710347
784	6	0.0033328635931912883	0.00015285146459764485
785	4	2.864269158809976e-06	0.00018172397042031708
786	6	0.007472878235335228	0.0008895918634354477
787	1	0.0	2.0273868276199807e-05
788	1	0.0	2.0273868276199807e-05
789	1	0.0	2.0273868276199807e-05
790	1	0.0	2.0273868276199807e-05
791	1	0.0	6.517507438154122e-97
792	1	0.0	6.517507438154122e-97
793	5	0.004005883822094558	0.0015817729554956801
794	1	0.0	0.0004376483687047474
795	4	0.002425707125040237	0.0017390188174665503
796	1	0.0	0.00023073486566673623
797	1	0.0	0.00023073486566673623
798	2	0.0016670046504274063	5.230887570849322e-05
799	1	0.0	8.624478856098683e-06
800	3	0.0024999341218093474	6.502491460795752e-05
801	3	0.0	0.00011746672170016625
802	1	0.0	0.0145023372497625
803	1	0.0	6.517507438154122e-97
804	1	0.0	6.517507438154122e-97
805	2	0.0027841339742311877	0.0011500036203079
806	1	0.0	0.00010740014540206782
807	1	0.0	0.00010740014540206782
808	1	0.0	0.00037615013129561024
809	4	0.007124837182309627	0.007858444030938256
810	1	0.0	0.0010426034749058321
811	2	0.0008340751790454651	0.0005183507038481154
812	8	0.005595708219285678	0.0016844815068174795
813	1	0.0	0.0005092250387993336
814	5	0.0011882859591313569	0.0023153979373960443
815	4	0.004954502231863945	0.002039682413558198
816	6	0.00020814277403182675	0.0016781502159665836
817	2	0.0	0.0007798490974659557
818	1	0.0	0.0005092250387993336
819	2	0.0	0.0007318836372050982
820	1	0.0	5.56643896475711e-06
821	6	0.0035998944820664672	2.4060235569476953e-05
822	1	0.0	0.0007309904150070357
823	3	0.00179392449068497	0.0011365484726847616
824	6	0.0029486265956980627	0.0009071526015480008
825	2	0.002307898943037013	0.007508467171415904
826	1	0.0	0.00015079522943883247
827	3	0.0024990748410617042	0.0007592889273137245
828	2	0.0012537670352400394	0.00022530346728131184
829	5	0.008044366704295463	0.0009255989893643023
830	3	0.0013488812523230114	0.00027832140778884283
831	2	0.0004137543424743763	4.7517295894152705e-05
832	4	0.003238718073222191	0.0006163442093333574
833	2	0.0008340751790454651	0.00018869648330747526
834	3	0.0028496873356832755	0.003710422060553932
835	2	0.0008340751790454651	0.00018869648330747526
836	3	0.0008067518661652052	0.0011286757476697401
837	9	0.016550651696104438	0.006115877916450659
838	4	0.001884155278740696	0.0004582360971725442
839	4	0.005842707548071544	0.0034319068580426835
840	2	0.0008340751790454651	0.00046329131986838607
841	5	0.005739012836766258	0.0026445146061606496
842	2	0.0008340751790454651	0.00022657272763614488
843	1	0.0	3.0064504322714112e-05
844	3	0.0026868638277191786	0.001677487768113389
845	1	0.0	0.0008113918532599572
846	2	5.728538317619953e-07	1.735506984881266e-84
847	1	0.0	1.2271887578061623e-84
848	1	0.0	1.2271887578061623e-84
849	1	0.0	6.484508824503275e-05
850	4	0.008885018785061764	0.0004886783873197245
851	5	0.0008340751790454651	0.010875897717130522
852	1	0.0	0.0014431050018067235
853	5	0.0014065146822039296	0.0235487449330548
854	2	0.008289194945596072	8.558331238987e-06
855	8	0.007472018954587585	1.5108450181410494e-06
856	8	0.0016695824926703353	3.614480047572412e-07
857	1	0.0	4.796164610447381e-08
858	2	0.0	2.4843024026449936e-07
859	2	0.0	2.4843024026449936e-07
860	1	0.0	4.796164610447381e-08
861	8	0.02353517007430302	0.019826142002779757
862	4	0.0019398684625369514	0.004632972366545952
863	3	0.00020152129042915764	0.004399613947375945
864	1	0.0	0.002630151482420879
865	1	0.0	0.002630151482420879
866	2	0.0008340751790454651	0.012346598029187287
867	1	0.0	6.517507438154122e-97
868	1	0.0	6.517507438154122e-97
869	3	0.0	0.00016382429839361038
870	3	0.0	0.00016382429839361038
871	3	2.8642691588099763e-07	9.489183939990489e-52
872	3	5.728538317619953e-07	9.737075471178762e-52
873	4	2.0049884111669835e-06	1.1506321977275455e-51
874	2	0.0	7.043258149491634e-52
875	1	0.0	1.4705606907595324e-06
876	2	0.0008340751790454651	1.1080713629041005e-05
877	1	0.0	0.0145023372497625
878	3	0.0008340751790454651	0.0005685162493703789
879	1	0.0	0.0002792516497569968
880	1	0.0	6.517507438154122e-97
881	1	0.0	6.517507438154122e-97
882	1	0.0	6.517507438154122e-97
883	1	0.0	6.517507438154122e-97
884	1	0.0	1.3347032323322673e-05
885	2	0.0008340751790454651	0.00010058984718390472
886	1	0.0	0.0020098830095805495
887	1	0.0	6.517507438154122e-97
888	1	0.0	6.517507438154122e-97
889	1	0.0	6.517507438154122e-97
890	1	0.0	6.517507438154122e-97
891	1	0.0	6.877619179965584e-05
892	4	0.0033311450316960024	0.0014109098396328332
893	3	0.0008028723188799798	0.009323998723510576
894	5	0.002500506975641109	0.01742262350217643
895	5	0.0028761874393800715	0.018173788448106236
896	4	0.002498788414145823	0.026252438229984833
897	2	0.0	0.016502406793866567
898	2	0.0008340751790454651	0.016298540682121002
899	8	0.010795740604215166	0.024165687134751847
900	1	0.0	0.00018825689158239622
901	2	0.0008340751790454651	0.001418910762089214
902	4	0.004992421143805789	0.0006676374710270724
903	1	0.0	8.860352284252647e-05
904	1	0.0	8.860352284252647e-05
905	2	0.0008340751790454651	0.0006781849884991823
906	1	0.0	8.997722681317415e-05
907	1	0.0	0.0002940065014710347
908	1	0.0	0.0002940065014710347
909	1	0.0	0.0002940065014710347
910	1	0.0	0.0002940065014710347
911	5	0.004524471296111922	0.0006353809190839595
912	3	0.00703492090250506	0.0010724607986559618
913	1	0.0	0.0002940065014710347
914	3	0.0014101003258941121	0.0003335981406393509
915	1	0.0	0.0002940065014710347
916	2	0.00048263155559855243	0.000254130031103883
917	1	0.0	0.00020986766870817225
918	1	0.0	6.517507438154122e-97
919	1	0.0	6.517507438154122e-97
920	3	0.0004167511626068516	9.559699538903567e-06
921	3	0.0004167511626068516	9.559699538903567e-06
922	2	0.0003202295616729564	0.01687247914329595
923	1	0.0	9.178095107313101e-51
924	9	0.004377178559006501	0.006489111769454928
925	1	0.0	0.0003483173421944186
926	1	0.0	0.00010613240085557834
927	2	0.0008340751790454651	0.0008001829520684157
928	5	0.0016973500809626685	0.0026141524213473895
929	2	0.0018377521143473838	0.0020169241580688165
930	1	0.0	0.0018177246927510737
931	1	0.0	0.0018177246927510737
932	2	0.004283712428319067	0.001761839408588387
933	2	0.0	1.9699361668359953e-05
934	3	0.0033294264702007164	0.000128127336968359
935	1	0.0	5.003674912177632e-07
936	1	0.0	5.003674912177632e-07
937	4	0.004468266492826456	2.3147165537092653e-05
938	1	0.0	0.00022296737077523283
939	1	0.0	0.00022296737077523283
940	1	0.0	0.00022296737077523283
941	1	0.0	0.00022296737077523283
942	3	0.004525150223778073	0.003577703232692205
943	1	0.0	0.00022296737077523283
944	3	0.013908347904290123	0.0032537983047396073
945	1	0.0	0.00022296737077523283
946	2	0.001476988767928286	0.0009543894339115585
947	1	0.0	0.0016371453895196392
948	1	0.0	2.575252160327222e-05
949	2	0.0021140827944623364	0.00030379357676756015
950	1	0.0	0.001030737378168665
951	1	0.0	0.001030737378168665
952	2	0.002265032843197033	0.0010757483988264737
953	3	0.0011101249657804063	0.0011077264241690133
954	7	0.005585518878887525	0.005180087582721397
955	5	0.003802492312506914	0.0016677369169552179
956	3	0.002498788414145823	1.9129756491671537e-06
957	2	0.0	2.934332845589133e-07
958	3	0.0008340751790454651	2.980684517538423e-07
959	3	0.0008542556388282735	0.0011543533937006178
960	3	0.003985942831144323	0.0009389827256287256
961	1	0.0	2.8204716073384277e-05
962	4	0.002500506975641109	0.00021253472274466791
963	3	0.0017812271580217682	0.00019129001834438143
964	6	0.006560764391015805	0.0008732133661330677
965	1	0.0	2.537425475480491e-05
966	2	0.0	0.0008864240237929332
967	2	0.0010082883909875114	0.009958245624760203
968	5	0.012297705541299518	0.023777080169077786
969	1	0.0	0.0006872245584751904
970	1	0.0	0.00033938002027095117
971	4	0.0010424334265549476	0.0021178929610852584
972	2	0.0008340751790454651	1.6371090087238297e-05
973	1	0.0	2.1727404218532505e-06
974	3	0.0016670046504274063	0.0001211842641028941
975	1	0.0	1.4630354526748945e-76
976	1	0.0	1.4630354526748945e-76
977	3	5.155684485857957e-06	3.167901473371761e-70
978	2	5.155684485857957e-06	3.167901473371761e-70
979	1	0.0	1.5839507366858805e-70
980	1	0.0	1.5839507366858805e-70
981	1	0.0	0.0002593320602379899
982	9	0.015409553096825105	0.0019545361278853076
983	1	0.0	8.357862644826975e-06
984	1	0.0	1.7509280690847286e-05
985	3	0.0010691741630828222	0.00013196125469928412
986	1	0.0	0.0002357003567962243
987	3	0.0018407195648244069	0.0017762136666609714
988	1	0.0	0.000566381584691513
989	1	0.0	0.000566381584691513
990	1	0.0	0.000566381584691513
991	6	0.020924353042132603	0.005107084080128369
992	3	8.801774319118301e-05	0.004440461532032002
993	2	0.0	6.517507438154122e-97
994	3	2.291415327047981e-06	8.030098615879615e-52
995	6	0.0043901560008614325	0.00014509108087507017
996	4	0.004448525629504258	0.0007376381150895097
997	3	0.001252197880039591	5.1342950393416036e-05
998	3	0.004870526486117848	0.00014690472156322717
999	2	0.0007666766188109964	9.27247829269388e-05
1000	2	0.00025351813240079247	4.570344091022366e-05
1001	1	0.0	1.9250766846713693e-05
1002	2	0.0008340751790454651	6.88667742081401e-08
1003	3	0.0024999341218093474	5.098969004846887e-07
1004	1	0.0	9.137662188377921e-09
1005	1	0.0	0.00013137237000665353
1006	1	0.0	6.517507438154122e-97
1007	1	0.0	6.517507438154122e-97
1008	1	0.0	4.686326562814766e-05
1009	2	0.0008340751790454651	0.0003531282332410615
1010	2	0.0	6.517507438154122e-97
1011	1	0.0	9.78640895260293e-05
1012	8	0.018191316503068544	0.0014297430819862054
1013	1	0.0	7.786238248202773e-05
1014	4	0.008223917159830394	0.0006203041599206394
1015	1	0.0	8.229193817102364e-05
1016	2	0.0016670046504274063	6.869164735247438e-05
1017	2	0.0008340751790454651	9.280112793903174e-06
1018	2	0.0	6.517507438154122e-97
1019	1	0.0	0.00022130240037607988
1020	1	0.0	0.00022130240037607988
1021	9	0.00849017080270272	0.0037710104905873225
1022	2	0.0006903427009055566	0.0012566219891198389
1023	2	0.0027461514806679387	0.0005656878659458549
1024	3	0.0036904400423289924	0.004642576127207839
1025	3	0.0017665236351276797	0.0007865474153516333
1026	1	0.0	0.0005003595342051618
1027	1	0.0	0.0005003595342051618
1028	1	0.0	0.0005003595342051618
1029	6	0.004211473699145592	0.001992007398961115
1030	5	0.011490737309530048	0.0022272684704921636
1031	3	0.012239168467571636	0.003482254572489968
1032	1	0.0	1.8344729384041853e-06
1033	1	0.0	2.8204716073384277e-05
1034	3	0.005455993404391598	0.003433508736983495
1035	1	0.0	0.00016480960483512217
1036	1	0.0	6.517507438154122e-97
1037	1	0.0	6.517507438154122e-97
1038	1	0.0	0.0007314220631363257
1039	2	0.000475034059549477	4.647290128054111e-05
1040	1	0.0	2.1494244453876514e-79
1041	2	1.1457076635239905e-06	3.477841808887112e-79
1042	1	0.0	2.5537887450155747e-61
1043	1	0.0	0.0005595181477546212
1044	1	0.0	0.0005595181477546212
1045	3	0.0019617266456598455	0.0006346985950953232
1046	1	0.0	0.0005595181477546212
1047	1	0.0	0.0005595181477546212
1048	2	0.0008340751790454651	0.0019939509062822302
1049	1	0.0	0.0002645076905157384
1050	2	0.0016670046504274063	0.014766844940278238
1051	1	0.0	6.645653450948492e-05
1052	2	0.0007663275769686039	0.0001989632452402176
1053	4	0.004222604860594288	0.0015769450568495413
1054	2	0.006640521617785049	0.00020498147443365403
1055	2	0.005814466392384252	2.769922315964852e-05
1056	2	0.0	0.0028710161580667113
1057	11	0.013125723723440666	0.0065411931050547
1058	5	0.004044495953190029	0.0009409385958076659
1059	1	0.0	6.517507438154122e-97
1060	1	0.0	6.517507438154122e-97
1061	1	0.0	1.2271887578061623e-84
1062	2	5.728538317619953e-07	1.735506984881266e-84
1063	2	5.728538317619953e-07	2.0555366519676e-67
1064	2	2.8642691588099763e-07	1.9248587560813597e-67
1065	3	2.0049884111669835e-06	2.4653136804499566e-67
1066	1	0.0	0.0001024880918972739
1067	3	0.0077774988005220105	0.0021640735880775652
1068	1	0.0	0.0001024880918972739
1069	1	0.0	0.0023117193161857146
1070	1	0.0	1.2271887578061623e-84
1071	3	0.0006525607554037716	0.0002796128776404331
1072	3	0.0016675775042591682	0.0002316533484545811
1073	1	0.0	0.00022349663836317908
1074	2	0.0	0.00026059694004106814
1075	1	0.0	0.005142197407445861
1076	1	0.0	6.8127251283742155e-06
1077	1	0.0	0.00026432413106165423
1078	2	0.0006056055951224147	0.0017530583197848469
1079	1	0.0	0.0016680872600482433
1080	1	0.0	0.0018561872976503005
1081	3	0.005422524291258725	0.002963327843952947
1082	1	0.0	0.0018561872976503005
1083	2	0.001039967248473838	0.0034479594442891263
1084	1	0.0	0.0018561872976503005
1085	1	0.0	0.0018561872976503005
1086	1	0.0	6.517507438154122e-97
1087	1	0.0	6.517507438154122e-97
1088	1	0.0	0.00039369741846791384
1089	1	0.0	6.517507438154122e-97
1090	1	0.0	6.517507438154122e-97
1091	2	0.0004577547425200791	0.00013948859939580505
1092	3	0.0023499343305944547	0.0008375743004602925
1093	3	0.002498788414145823	0.0016621263538301083
1094	3	0.0004167511626068516	0.0002650772177360153
1095	3	0.0004167511626068516	0.0002650772177360153
1096	1	0.0	1.8344729384041853e-06
1097	3	0.005693757947737278	3.7567069199974196e-05
1098	3	0.0011114917468568214	0.0018502518597080966
1099	1	0.0	1.9754928537487e-05
1100	2	0.0	6.517507438154122e-97
1101	1	0.0	0.00010159869057235867
1102	1	0.0	1.1744273179305452e-05
1103	1	0.0	0.00034452348473854516
1104	4	0.0025517862914207243	0.004875090007865108
1105	2	0.005731439310811033	0.004123233119120961
1106	1	0.0	0.002531460972482136
1107	3	6.40858280278604e-05	0.004309231155911674
1108	3	0.0008340751790454651	0.005401652459227436
1109	4	0.0008346480328772271	0.004111601922429252
1110	8	0.007350937856949348	0.020915276764515447
1111	6	0.002485955503599427	0.008155171454337203
1112	1	0.0	0.002531460972482136
1113	1	0.0	6.517507438154122e-97
1114	1	0.0	6.517507438154122e-97
1115	1	0.0	0.00014842510713712097
1116	6	0.008048534307515709	0.0011186647847634067
1117	5	8.063897480429674e-06	0.002079877819571921
1118	3	0.00014458204621536016	0.0020866611828449567
1119	8	0.0036015376913389467	0.009918027190859182
1120	2	0.0	0.0015918237658601932
1121	2	6.150100430623195e-05	0.0018107047551829873
1122	4	0.0007427434209194685	0.0037297801490631007
1123	1	0.0	0.0007314220631363257
1124	4	0.0027424494955801053	0.006354244980887852
1125	4	0.0009419475599474292	0.003982182590089629
1126	2	5.728538317619953e-07	1.735506984881266e-84
1127	1	0.0	1.2271887578061623e-84
1128	1	0.0	1.2271887578061623e-84
1129	1	0.0	8.1750587838526e-05
1130	1	0.0	6.517507438154122e-97
1131	1	0.0	6.517507438154122e-97
1132	1	0.0	1.0817888327455538e-05
1133	7	0.005883312702220998	8.15613145927866e-05
1134	5	0.0041057630118819435	0.013144737788694245
1135	1	0.0	0.00019747774386554056
1136	3	0.0016675775042591682	3.8863612501169714e-05
1137	1	0.0	5.1533716298068065e-06
1138	1	0.0	5.1533716298068065e-06
1139	2	0.002498788414145823	0.0002827788494239663
1140	1	0.0	0.0015917721466388254
1141	1	0.0	6.517507438154122e-97
1142	1	0.0	6.517507438154122e-97
1143	1	0.0	3.643584245530527e-06
1144	3	0.0040515917552667695	0.002587952067833458
1145	1	0.0	0.0005157216061111383
1146	2	0.0016670046504274063	0.0007447690954596483
1147	1	0.0	0.0007167701263380671
1148	9	0.003416941007302617	0.0019101071167055986
1149	4	0.0	0.0015264033326067366
1150	4	0.0	0.0015264033326067366
1151	4	0.0	0.0015264033326067366
1152	2	0.0008782333909837606	0.0003208092858523088
1153	1	0.0	0.0002618816133045911
1154	4	0.002186020832262677	0.0019736422607703552
1155	1	0.0	1.2271887578061623e-84
1156	3	0.0009170374332898697	0.00023528270798205372
1157	1	0.0	3.122402809186136e-05
1158	1	0.0	1.5839507366858776e-70
1159	1	0.0	1.5839507366858776e-70
1160	1	0.0	8.19208861431142e-05
1161	1	0.0	8.19208861431142e-05
1162	1	0.0	8.19208861431142e-05
1163	2	0.0	0.0009355088768473098
1164	2	0.0	0.0009355088768473098
1165	2	0.00010036564458251321	0.0001321177619771325
1166	1	0.0	6.517507438154122e-97
1167	1	0.0	6.517507438154122e-97
1168	1	0.0	0.0004790103698332542
1169	3	0.0016675775042591682	0.003610229441497935
1170	2	0.0	0.0023581523082860036
1171	2	0.0008340751790454651	1.5562758354818452e-07
1172	2	0.0016670046504274063	1.1523569864121603e-06
1173	1	0.0	2.0648277874099726e-08
1174	1	0.0	0.0029866698640522112
1175	1	0.0	0.00019919946531774278
1176	1	0.0	0.00019919946531774278
1177	1	0.0	0.00019919946531774278
1178	1	0.0	0.006116870912789014
1179	1	0.0	0.0006188211174248074
1180	1	0.0	2.503384883150378e-08
1181	2	0.0008340751790454651	1.8863027625271205e-07
1182	1	0.0	0.0007861059087984852
1183	8	0.01958195101087687	0.005926892939403127
1184	1	0.0	0.00011799154354682833
1185	1	0.0	0.00012231981135230947
1186	4	0.003900447477302409	0.0009218866993780608
1187	1	0.0	1.2271887578061623e-84
1188	1	0.0	1.647543399328721e-05
1189	2	0.0008340751790454651	0.00012416549747337768
1190	5	0.0018620356225023007	0.0020127134480923594
1191	6	0.004164647356909705	0.0002869543050738794
1192	1	0.0	3.8050016277862335e-05
1193	1	0.0	3.8050016277862335e-05
1194	1	0.0	3.8050016277862335e-05
1195	1	0.0	3.8050016277862335e-05
1196	1	0.0	3.8050016277862335e-05
1197	1	0.0	0.0020098830095805495
1198	1	0.0	3.073659521743661e-05
1199	1	0.0	0.0001596591650587078
1200	1	0.0	0.0030233578751903195
1201	6	0.0065648342660953075	0.0227917372297677
1202	2	5.728538317619953e-07	2.0555366519676e-67
1203	5	0.004491515352105925	0.0009810512844624939
1204	1	0.0	7.911073611847578e-05
1205	3	2.8642691588099763e-07	5.011735368630208e-59
1206	2	0.0	3.913044730969001e-59
1207	3	2.8642691588099763e-07	5.011735368630208e-59
1208	2	0.0	3.913044730969001e-59
1209	1	0.0	0.0029866698640522112
1210	1	0.0	0.0029866698640522112
1211	2	0.0008644659075864702	0.003337544006681617
1212	1	0.0	0.0029866698640522112
1213	3	0.0005341650401329874	0.003565465466980293
1214	1	0.0	0.0029866698640522112
1215	4	0.002816308412562059	0.0034728360548374367
1216	1	0.0	0.0029866698640522112
1217	1	0.0	6.517507438154122e-97
1218	1	0.0	6.517507438154122e-97
1219	1	0.0	1.1542923887440513e-67
1220	1	0.0	0.0006188211174248074
1221	2	0.004681143378833626	0.008089094005113397
1222	1	0.0	0.000173339129035899
1223	1	0.0	0.000173339129035899
1224	3	0.002770682799953658	0.0009948217108680982
1225	1	0.0	0.000173339129035899
1226	1	0.0	0.000173339129035899
1227	1	0.0	1.4630354526748945e-76
1228	1	0.0	1.4630354526748945e-76
1229	2	0.0007439869435338613	0.00045082519295048515
1230	1	0.0	0.00010242950276139811
1231	1	0.0	0.00012231981135230947
1232	2	0.00035772590171935796	0.0004983304932992702
1233	1	0.0	3.995672667392672e-05
1234	2	0.0	1.0619851466570042e-66
1235	2	0.0	1.0619851466570042e-66
1236	3	1.1457076635239905e-06	1.2426144691009271e-66
1237	1	0.0	0.001315022199219476
1238	2	1.1457076635239905e-06	3.477841808887112e-79
1239	1	0.0	2.1494244453876514e-79
1240	2	1.1457076635239905e-06	3.477841808887112e-79
1241	1	0.0	0.00012485135178885837
1242	1	0.0	0.00012485135178885837
1243	2	0.0011413604795821924	0.0005536921244066929
1244	1	0.0	0.00019747774386554056
1245	1	0.0	2.6979252634119336e-06
1246	1	0.0	6.517507438154122e-97
1247	1	0.0	6.517507438154122e-97
1248	2	0.0008340751790454651	0.00035451304144621174
1249	1	0.0	4.7046863651528735e-05
1250	1	0.0	2.1863801575157821e-07
1251	5	0.005378504224214715	0.001407696479453508
1252	1	0.0	3.638915914293306e-06
1253	3	0.00499012972847874	2.7427262217599413e-05
1254	1	0.0	1.2271887578061623e-84
1255	2	5.728538317619953e-07	1.735506984881266e-84
1256	1	0.0	7.911073611847578e-05
1257	2	0.0008340751790454651	8.052902461193742e-05
1258	1	0.0	7.911073611847578e-05
1259	3	0.0024999341218093474	8.202595367936774e-05
1260	1	0.0	7.911073611847578e-05
1261	1	0.0	1.9007408840230537e-70
1262	4	3.4371229905719715e-06	3.801481768046107e-70
1263	1	0.0	1.2271887578061623e-84
1264	2	5.728538317619953e-07	1.735506984881266e-84
1265	1	0.0	0.00019747774386554056
1266	1	0.0	0.005142197407445861
1267	3	0.005146656815963157	0.008129827942301077
1268	1	0.0	1.6895474524649374e-70
1269	4	5.728538317619953e-07	3.379094904929875e-70
1270	3	0.007798969255895934	7.089063938148586e-05
1271	1	0.0	6.484508824503275e-05
1272	2	0.0	6.517507438154122e-97
1273	1	0.0	0.0023117193161857146
1274	1	0.0	0.0001901583274068644
1275	2	0.0	0.0001192661067868822
1276	3	0.0	1.2472153921086077e-05
1277	18	0.019713106930326126	0.0003872357842130991
1278	1	0.0	6.517507438154122e-97
1279	1	0.0	6.517507438154122e-97
1280	1	0.0	3.351990438057288e-05
1281	2	0.0008340751790454651	0.00025264456278763177
1282	1	0.0	0.0015917721466388254
1283	1	0.0	6.517507438154122e-97
1284	1	0.0	6.517507438154122e-97
1285	1	0.0	6.517507438154122e-97
1286	1	0.0	6.517507438154122e-97
1287	1	0.0	0.00010242950276139811
1288	1	0.0	6.517507438154122e-97
1289	1	0.0	6.517507438154122e-97
1290	1	0.0	6.517507438154122e-97
1291	1	0.0	6.517507438154122e-97
1292	1	0.0	0.0030233578751903195
1293	2	0.0	6.517507438154122e-97
1294	1	0.0	0.0009579081019173996
1295	1	0.0	1.688514731879499e-06
1296	4	0.0008340751790454651	1.2730364814155154e-05
1297	2	1.7185614952859858e-06	1.9985435949911725e-76
1298	2	2.291415327047981e-06	2.3077193651107116e-76
1299	1	0.0	1.1538596825553558e-76
1300	1	0.0	0.0145023372497625
1301	1	0.0	0.002036181040161891
1302	2	0.0008340751790454651	0.0020726551083380686
1303	1	0.0	0.0007314220631363257
1304	1	0.0	0.00026806890851308827
1305	1	0.0	5.726105741678969e-67
1306	1	0.0	6.517507438154122e-97
1307	1	0.0	6.517507438154122e-97
1308	1	0.0	0.00012037192510832658
1309	1	0.0	0.002411234212414731
1310	1	0.0	0.00018177494117901273
1311	1	0.0	6.843367090704294e-08
1312	3	0.0041612102339191335	5.156179905588388e-07
1313	1	0.0	6.517507438154122e-97
1314	1	0.0	6.517507438154122e-97
1315	4	0.005434323900660931	0.0036794419853301307
1316	2	0.002498788414145823	0.0004973002554490808
1317	5	0.00462965474626872	0.010862312129241066
1318	2	1.7185614952859858e-06	1.9985435949911725e-76
1319	1	0.0	1.1538596825553558e-76
1320	3	0.001851216153671509	6.843090294699241e-05
1321	2	0.0017522848755664447	0.0002825717555289639
1322	2	0.0008340751790454651	9.244261241767337e-06
1323	3	0.0013872600270197445	0.00022384618278061387
1324	1	0.0	0.0020098830095805495
1325	2	0.004675830870168126	0.002211188494450836
1326	1	0.0	0.0073576719419770715
1327	4	0.002222201923358233	0.025966436473129288
1328	1	0.0	0.00011581936888731057
1329	1	0.0	0.00011581936888731057
1330	2	0.002498788414145823	0.00011797050256011452
1331	1	0.0	0.00011581936888731057
1332	1	0.0	0.0006188211174248074
1333	1	0.0	0.00010833518460210204
1334	1	0.0	1.2271887578061623e-84
1335	1	0.0	2.503026588860923e-05
1336	2	0.0004713474344987252	0.0003105127625909023
1337	1	0.0	1.2271887578061623e-84
1338	2	5.728538317619953e-07	1.735506984881266e-84
1339	2	0.004406840464885967	0.0011295910345104467
1340	1	0.0	0.00031175621638316806
1341	1	0.0	0.00010833518460210204
1342	1	0.0	0.005571327878803216
1343	3	0.0	0.006423658767896131
1344	1	0.0	0.0145023372497625
1345	1	0.0	6.517507438154122e-97
1346	1	0.0	6.517507438154122e-97
1347	2	0.0033294264702007164	0.014766932981826013
1348	2	0.002498788414145823	0.001994614540851281
1349	2	0.0033294264702007164	3.7065702132077137e-06
1350	1	0.0	6.765429891440858e-08
1351	2	0.000876796814423176	0.0037503470422540603
1352	6	0.02064191249294382	0.017751059283304418
1353	1	0.0	1.1536504268436442e-05
1354	1	0.0	0.0145023372497625
1355	1	0.0	0.0007269891670637414
1356	1	0.0	0.0007269891670637414
1357	1	0.0	0.0007269891670637414
1358	3	0.0008191752213261911	0.00026664738063371146
1359	1	0.0	6.517507438154122e-97
1360	1	0.0	6.517507438154122e-97
1361	1	0.0	0.0145023372497625
1362	1	0.0	0.0004583737666253434
1363	1	0.0	0.0004583737666253434
1364	2	0.0	2.536787661331778e-06
1365	1	0.0	0.0009579081019173996
1366	1	0.0	0.0004773707088215313
1367	2	0.0049872654593199305	3.7444232342747664e-06
1368	1	0.0	6.517507438154122e-97
1369	1	0.0	6.517507438154122e-97
1370	1	0.0	6.517507438154122e-97
1371	1	0.0	6.517507438154122e-97
1372	1	0.0	1.231690563578743e-06
1373	2	0.009522918426620047	0.015233327664769534
1374	1	0.0	0.0073576719419770715
1375	3	5.155684485857957e-06	3.167901473371761e-70
1376	1	0.0	0.00034826929870545404
1377	1	0.0	9.589891666556107e-09
1378	1	0.0	9.589891666556107e-09
1379	1	0.0	6.517507438154122e-97
1380	1	0.0	6.517507438154122e-97
1381	2	0.0	7.035420719128257e-05
1382	3	0.0016675775042591682	0.0007838604657275164
1383	1	0.0	0.00010400103365122498
1384	1	0.0	0.00010400103365122498
1385	3	0.0004155472803607123	0.002549633632057047
1386	2	8.076128952237128e-05	0.0006053702487494508
1387	3	0.00380317900515262	0.023216485216277633
1388	3	0.0033427513164982965	0.00897772783344592
1389	3	0.0	0.001563974600339441
1390	3	0.0012157676526634968	0.0014486098811458059
1391	2	0.0008340751790454651	0.00138078148806823
1392	1	0.0	0.0013564760245380644
1393	1	0.0	0.0013564760245380644
1394	1	0.0	0.0013564760245380644
1395	1	0.0	0.0002792516497569968
1396	1	0.0	0.0015917721466388254
1397	1	0.0	0.0015917721466388254
1398	1	0.0	0.0015917721466388254
1399	1	0.0	0.0015917721466388254
1400	1	0.0	0.0015917721466388254
1401	1	0.0	0.0015917721466388254
1402	2	0.0018467102790036788	0.0016481650298353513
1403	1	0.0	0.0015917721466388254
1404	1	0.0	0.0015917721466388254
1405	5	0.015011461181724587	0.0026317638054756593
1406	2	0.0	1.6425322201524314e-05
1407	4	0.012384160547420883	0.015917195916745033
1408	2	1.1457076635239905e-06	3.477841808887112e-79
1409	1	0.0	0.0006662470970410089
1410	2	0.0	0.0008530195782880146
1411	2	0.0025493486959752044	0.0020609751912601137
1412	1	0.0	0.0027750769709789114
1413	5	5.728538317619952e-06	3.803670194757346e-65
1414	1	0.0	1.7010530238934585e-65
1415	1	0.0	1.7010530238934585e-65
1416	1	0.0	1.7010530238934585e-65
1417	1	0.0	1.7010530238934585e-65
1418	1	0.0	1.7010530238934585e-65
1419	1	0.0	7.786238248202773e-05
1420	4	0.010852599825797159	0.017219043246173262
1421	1	0.0	0.002284056903193705
1422	1	0.0	0.002284056903193705
1423	1	0.0	0.0009579081019173996
1424	1	0.0	0.0007309904150070357
1425	1	0.0	0.0008301265906807419
1426	1	0.0	4.058795983283419e-71
1427	2	0.002512152883360752	0.00016898743289854446
1428	11	0.007466369114648666	0.0004570895748555931
1429	2	0.0001031372860449441	0.0024527210115511413
1430	1	0.0	0.006116870912789014
1431	1	0.0	0.0020098830095805495
1432	1	0.0	3.073659521743661e-05
1433	1	0.0	0.00028717144891782145
1434	6	0.0071208732916395465	0.002174835979463305
1435	1	0.0	0.0007309904150070357
1436	6	0.012002711732040362	0.0009987216290216496
1437	1	0.0	0.0007309904150070357
1438	1	0.0	6.517507438154122e-97
1439	1	0.0	6.517507438154122e-97
1440	2	0.0	0.00025102150534878716
1441	3	0.0005111581205058705	0.00044337746746883844
1442	1	0.0	6.517507438154122e-97
1443	1	0.0	6.517507438154122e-97
1444	1	0.0	0.00139393275452205
1445	2	0.0	6.517507438154122e-97
1446	1	0.0	4.7726076685764755e-06
1447	5	0.0038904776486839536	3.596858629989155e-05
1448	3	0.00631194355530419	0.00019938437816924528
1449	2	0.0008340751790454651	0.00019356606957427705
1450	1	0.0	2.5682781331693605e-05
1451	1	0.0	6.517507438154122e-97
1452	1	0.0	6.517507438154122e-97
1453	3	0.005333989043496169	0.0006865207137617343
1454	1	0.0	1.2271887578061623e-84
1455	1	0.0	2.825050870894633e-05
1456	2	0.0008340751790454651	0.0002129475919428715
1457	1	0.0	0.0005282491337766758
1458	2	0.002498788414145823	5.013572136038673e-07
1459	2	0.0016670046504274063	6.772943908529974e-08
1460	2	0.0033294264702007164	3.7112919362167827e-06
1461	1	0.0	1.2271887578061623e-84
1462	2	5.728538317619953e-07	1.735506984881266e-84
1463	2	1.7185614952859858e-06	5.820594894725847e-05
1464	2	0.0003795351822603668	0.00021476474845439115
1465	1	0.0	0.00027494872400041177
1466	1	0.0	0.00040142034484791226
1467	2	0.0008340751790454651	0.003025707012610535
1468	1	0.0	0.0002446011006317409
1469	2	0.0	6.517507438154122e-97
1470	2	0.0008340751790454651	9.14701335252277e-09
1471	2	0.0035474816284214498	0.0024365479845627393
1472	1	0.0	0.002411234212414731
1473	1	0.0	0.00037615013129561024
1474	1	0.0	0.00037615013129561024
1475	1	0.0	0.00037615013129561024
1476	1	0.0	7.786238248202773e-05
1477	1	0.0	6.517507438154122e-97
1478	1	0.0	6.517507438154122e-97
1479	1	0.0	0.0020098830095805495
1480	1	0.0	0.0020098830095805495
1481	1	0.0	0.0020098830095805495
1482	1	0.0	0.0020098830095805495
1483	2	0.0	6.517507438154122e-97
1484	1	0.0	0.00019747774386554056
1485	3	0.0	0.008483158256905985
1486	2	0.0008340751790454651	8.77891937324985e-06
1487	1	0.0	1.4210755015385928e-05
1488	1	0.0	1.4210755015385928e-05
1489	1	0.0	7.786238248202773e-05
1490	3	0.0016675775042591682	6.839754399400459e-05
1491	1	0.0	9.076235676132788e-06
1492	1	0.0	9.076235676132788e-06
1493	2	0.0008340751790454651	1.1519869649675914e-06
1494	1	0.0	1.5283885399129873e-07
1495	1	0.0	7.544744532492865e-05
1496	1	0.0	0.0034431249647085397
1497	1	0.0	6.144250131247619e-05
1498	1	0.0	6.517507438154122e-97
1499	1	0.0	6.517507438154122e-97
1500	1	0.0	6.517507438154122e-97
1501	1	0.0	6.517507438154122e-97
1502	1	0.0	6.517507438154122e-97
1503	1	0.0	6.517507438154122e-97
1504	1	0.0	2.1494244453876514e-79
1505	1	0.0	6.745995678889564e-05
1506	1	0.0	0.00012037192510832658
1507	1	0.0	0.0073576719419770715
1508	2	0.001471300744881858	0.0002753401263475683
1509	1	0.0	3.826171446070106e-05
1510	2	0.002539345004192605	0.0031626077037522527
1511	1	0.0	6.358729129876723e-06
1512	1	0.0	0.002161327093159244
1513	1	0.0	1.1643908870416972e-06
1514	2	0.0008340751790454651	0.0019939509062822302
1515	2	0.0016670046504274063	0.014766844940278238
1516	1	0.0	0.0002645076905157384
1517	1	0.0	0.0016232362169418682
1518	2	0.0	6.517507438154122e-97
1519	1	0.0	6.985268820174941e-05
1520	2	0.0	0.00014771507068377714
1521	2	0.0	0.00014771507068377714
1522	2	0.005718416746462697	0.00018387842803005525
1523	1	0.0	0.0001184624167798458
1524	3	0.0016675775042591682	4.129493402865519e-05
1525	1	0.0	5.4798090008895795e-06
1526	1	0.0	5.4798090008895795e-06
1527	1	0.0	1.2271887578061623e-84
1528	2	0.006311960739834431	0.0002643168713558677
1529	1	0.0	0.0002593320602379899
1530	1	0.0	0.00026806890851308827
1531	1	0.0	2.5537887450155747e-61
1532	1	0.0	2.5537887450155747e-61
1533	1	0.0	2.5537887450155747e-61
1534	1	0.0	2.5537887450155747e-61
1535	1	0.0	1.2268483575498434e-06
1536	1	0.0	1.068687226272842e-05
1537	1	0.0	6.517507438154122e-97
1538	1	0.0	6.517507438154122e-97
1539	1	0.0	0.0003639152305580124
1540	1	0.0	3.493639701210467e-05
1541	1	0.0	1.088554287832885e-05
1542	2	0.0015217973110024027	0.00042863381548001857
1543	1	0.0	0.00039369741846791384
1544	2	0.011859822556159456	0.0004400397920143669
1545	1	0.0	0.0009579081019173996
1546	1	0.0	0.0002955232708706243
1547	2	0.0054514947545563994	5.250342600786063e-05
1548	2	0.005007860795030195	0.00024105330286739352
1549	1	0.0	5.137171729932256e-05
1550	1	0.0	5.137171729932256e-05
1551	1	0.0	5.137171729932256e-05
1552	1	0.0	5.137171729932256e-05
1553	1	0.0	5.137171729932256e-05
1554	1	0.0	5.137171729932256e-05
1555	1	0.0	5.137171729932256e-05
1556	1	0.0	5.137171729932256e-05
1557	1	0.0	5.137171729932256e-05
1558	1	0.0	5.137171729932256e-05
1559	1	0.0	5.137171729932256e-05
1560	1	0.0	4.790624277931073e-05
1561	2	0.0008340751790454651	0.00036126036369254697
1562	1	0.0	1.2271887578061623e-84
1563	2	5.728538317619953e-07	1.735506984881266e-84
1564	3	0.0008329294713819411	1.727075550924887e-05
1565	3	0.0008329294713819411	1.727075550924887e-05
1566	4	0.0041612102339191335	0.00010820477515329585
1567	3	0.0008340751790454651	4.666266317988262e-06
1568	1	0.0	6.517507438154122e-97
1569	1	0.0	6.517507438154122e-97
1570	1	0.0	6.517507438154122e-97
1571	1	0.0	6.517507438154122e-97
1572	1	0.0	4.426236239571075e-05
1573	2	0.0	6.517507438154122e-97
1574	1	0.0	1.2271887578061623e-84
1575	1	0.0	1.6895474524649374e-70
1576	1	0.0	0.00012037192510832658
1577	1	0.0	0.006116870912789014
1578	1	0.0	0.00016128617314602122
1579	1	0.0	0.0004607320894545402
1580	1	0.0	0.0005456297407383545
1581	1	0.0	7.786238248202773e-05
1582	1	0.0	1.2271887578061623e-84
1583	1	0.0	0.0009579081019173996
1584	1	0.0	0.0009579081019173996
1585	1	0.0	0.0002453443066093515
1586	2	1.7185614952859858e-06	1.0377495310731155e-73
1587	1	0.0	4.7726076685764755e-06
1588	1	0.0	4.7726076685764755e-06
1589	1	0.0	0.0001901583274068644
1590	3	0.0006015121669428632	7.983879570042988e-05
1591	2	0.0	6.517507438154122e-97
1592	1	0.0	6.517507438154122e-97
1593	1	0.0	6.517507438154122e-97
1594	1	0.0	0.001203474600844875
1595	4	0.0024833491119593087	0.009070950795823384
1596	1	0.0	1.0817888327455538e-05
1597	2	0.0008340751790454651	0.007489505645763888
1598	1	0.0	0.000993652611142097
1599	4	0.0032125387813326314	0.00410872095057503
1600	5	0.006570946139362855	0.01560527074280111
1601	1	0.0	0.003204939187811621
1602	1	0.0	0.003204939187811621
1603	2	0.00041287235811234105	0.00028633044100119564
1604	1	0.0	6.375994433675212e-05
1605	1	0.0	0.0007314220631363257
1606	2	0.00045156650289813896	0.00024257732253187537
1607	1	0.0	1.2271887578061623e-84
1608	13	0.010797721874881849	0.002676357657352907
1609	1	0.0	0.001203474600844875
1610	1	0.0	0.00010833518460210204
1611	1	0.0	0.00010833518460210204
1612	1	0.0	0.001682728672469911
1613	1	0.0	0.0004607320894545402
1614	6	0.007535788893222779	0.0023212656577904383
1615	1	0.0	8.428181928965699e-05
1616	1	0.0	8.428181928965699e-05
1617	1	0.0	8.428181928965699e-05
1618	1	0.0	2.1494244453876514e-79
1619	1	0.0	6.517507438154122e-97
1620	1	0.0	6.517507438154122e-97
1621	1	0.0	0.0145023372497625
1622	1	0.0	0.0145023372497625
1623	2	0.004158918818592086	0.0001449973935697806
1624	1	0.0	0.0002885722206590719
1625	1	0.0	0.0002885722206590719
1626	1	0.0	6.517507438154122e-97
1627	1	0.0	6.517507438154122e-97
1628	1	0.0	0.0007314220631363257
1629	1	0.0	1.2136094110407218e-09
1630	3	0.006148468348804162	0.011724054072844511
1631	1	0.0	0.0073576719419770715
1632	1	0.0	0.0073576719419770715
1633	1	0.0	1.1744273179305452e-05
1634	1	0.0	1.1744273179305452e-05
1635	1	0.0	0.0006453128749379163
1636	1	0.0	0.0006453128749379163
1637	2	0.0023471779285421093	0.011294497796007899
1638	1	0.0	0.009271021066285015
1639	1	0.0	2.6938173216871284e-52
1640	1	0.0	1.1834086562010026e-68
1641	1	0.0	6.517507438154122e-97
1642	1	0.0	6.517507438154122e-97
1643	1	0.0	0.0023117193161857146
1644	1	0.0	2.8204716073384277e-05
1645	2	6.150100430623195e-05	0.0018107047551829873
1646	1	0.0	0.003154271950124019
1647	1	0.0	6.745995678889564e-05
1648	1	0.0	6.517507438154122e-97
1649	1	0.0	6.517507438154122e-97
1650	1	0.0	1.2271887578061623e-84
1651	1	0.0	6.517507438154122e-97
1652	1	0.0	6.517507438154122e-97
1653	1	0.0	3.493639701210467e-05
1654	2	0.005814466392384252	9.592403839183447e-06
1655	6	0.004995285412964599	1.3963488261118286e-06
1656	1	0.0	0.0003639152305580124
1657	1	0.0	6.517507438154122e-97
1658	1	0.0	6.517507438154122e-97
1659	1	0.0	1.9007408840230537e-70
1660	1	0.0	0.0007314220631363257
1661	1	0.0	6.375994433675212e-05
1662	2	0.0008340751790454651	8.573639459474638e-05
1663	4	0.0014554528211297327	0.00048080345363378757
1664	3	0.002956364978857361	0.0016410270883211167
1665	1	0.0	3.826171446070106e-05
1666	1	0.0	1.2271887578061623e-84
1667	1	0.0	0.0007592145213658482
1668	2	2.291415327047981e-06	2.3077193651107116e-76
1669	2	1.7185614952859858e-06	1.9985435949911725e-76
1670	2	1.7185614952859858e-06	1.9985435949911725e-76
1671	1	0.0	1.1538596825553558e-76
1672	1	0.0	3.955896309521518e-08
1673	1	0.0	1.9007408840230537e-70
1674	1	0.0	1.9007408840230537e-70
1675	1	0.0	0.006116870912789014
1676	1	0.0	0.00013250671073073268
1677	1	0.0	0.00013250671073073268
1678	1	0.0	1.1538596825553558e-76
1679	1	0.0	1.4359425852118011e-05
1680	1	0.0	0.0009358721937451779
1681	1	0.0	0.0007314220631363257
1682	3	0.0	0.0008433169377786255
1683	3	0.0	0.0008433169377786255
1684	1	0.0	0.0007314220631363257
1685	1	0.0	0.00014842510713712097
1686	3	0.0008868266487357238	0.0003451406051117999
1687	1	0.0	0.0003078345337032782
1688	1	0.0	1.137788248593388e-05
1689	1	0.0	3.826171446070106e-05
1690	1	0.0	0.007386324811190445
1691	6	0.005599520520132536	0.008817412943578707
1692	2	0.0	6.517507438154122e-97
1693	1	0.0	0.0003508741426294058
1694	1	0.0	6.517507438154122e-97
1695	1	0.0	6.517507438154122e-97
1696	1	0.0	0.00018722576519878477
1697	1	0.0	0.00020130548487028632
1698	1	0.0	0.00047987506880521586
1699	1	0.0	0.002837815272921789
1700	1	0.0	0.002370141893533453
1701	1	0.0	6.517507438154122e-97
1702	1	0.0	6.517507438154122e-97
1703	1	0.0	1.8530781129141886e-07
1704	1	0.0	0.0008678867801049278
1705	1	0.0	6.517507438154122e-97
1706	1	0.0	6.517507438154122e-97
1707	1	0.0	6.192935482321492e-07
1708	1	0.0	0.002370141893533453
1709	1	0.0	0.0007861059087984852
1710	1	0.0	0.0012321404426911835
1711	1	0.0	0.001169767216657289
1712	1	0.0	6.517507438154122e-97
1713	1	0.0	6.517507438154122e-97
1714	2	0.0	6.517507438154122e-97
1715	1	0.0	0.00026172726833724897
1716	1	0.0	0.0002792516497569968
1717	1	0.0	6.517507438154122e-97
1718	1	0.0	6.517507438154122e-97
1719	1	0.0	3.0713307188042417e-06
1720	2	0.000957613703797637	2.070713431029298e-05
1721	1	0.0	0.0007861059087984852
1722	1	0.0	4.984811117877776e-06
1723	1	0.0	0.0005449677146324437
1724	1	0.0	0.0005449677146324437
1725	1	0.0	6.517507438154122e-97
1726	1	0.0	6.517507438154122e-97
1727	1	0.0	0.0006188211174248074
1728	1	0.0	0.00027762547779415953
1729	1	0.0	0.00027762547779415953
1730	1	0.0	0.00027762547779415953
1731	3	0.001387113871517602	0.00025510990519931785
1732	4	0.002500506975641109	0.00023002903971456465
1733	1	0.0	0.006116870912789014
1734	1	0.0	0.006116870912789014
1735	2	0.00016291935076585525	0.0014727495167092433
1736	1	0.0	6.517507438154122e-97
1737	1	0.0	6.517507438154122e-97
1738	1	0.0	5.6392883196525915e-05
1739	3	1.7185614952859858e-06	2.5340517373074493e-76
1740	1	0.0	1.4630354526748945e-76
1741	1	0.0	1.4630354526748945e-76
1742	1	0.0	1.4630354526748945e-76
1743	1	0.0	0.001169767216657289
1744	2	0.0023331652038990785	0.0012304194649537315
1745	1	0.0	0.0004790103698332542
1746	4	0.0015116792134698552	0.00024671676307851874
1747	1	0.0	3.273915791221429e-05
1748	1	0.0	3.385038135286546e-05
1749	1	0.0	0.0003188534689216423
1750	1	0.0	0.0003188534689216423
1751	2	0.0008340751790454651	0.0003245671344347082
1752	1	0.0	4.306297732144272e-05
1753	1	0.0	2.0449118549275706e-05
1754	1	0.0	1.5839507366858805e-70
1755	1	0.0	1.5839507366858805e-70
1756	1	0.0	0.0029724493763453887
1757	1	0.0	6.517507438154122e-97
1758	1	0.0	6.517507438154122e-97
1759	1	0.0	3.1927692881273545e-06
1760	1	0.0	3.1927692881273545e-06
1761	1	0.0	3.1927692881273545e-06
1762	1	0.0	3.1927692881273545e-06
1763	2	0.001136627517054057	0.002087279294577653
1764	1	0.0	0.002023476729722885
1765	1	0.0	0.002023476729722885
1766	1	0.0	0.002023476729722885
1767	1	0.0	0.002023476729722885
1768	3	0.0013183053989157209	0.00036740479282110905
1769	1	0.0	4.875373199943476e-05
1770	1	0.0	2.6963065390898664e-06
1771	1	0.0	2.6963065390898664e-06
1772	1	0.0	2.503026588860923e-05
1773	1	0.0	6.532833174069313e-05
1774	1	0.0	0.00018319311227121121
1775	1	0.0	0.001358851043131603
1776	1	0.0	0.0029724493763453887
1777	1	0.0	0.0029724493763453887
1778	1	0.0	0.0029724493763453887
1779	1	0.0	0.0029724493763453887
1780	1	0.0	0.0029724493763453887
1781	3	0.0	0.0034271273574584473
1782	1	0.0	0.0029724493763453887
1783	1	0.0	0.0029724493763453887
1784	1	0.0	6.517507438154122e-97
1785	1	0.0	6.517507438154122e-97
1786	1	0.0	6.380256485476817e-05
1787	1	0.0	2.042628759940681e-06
1788	1	0.0	0.001742983097701889
1789	1	0.0	0.001742983097701889
1790	1	0.0	0.001742983097701889
1791	2	0.00041742694392053444	0.00023545412089857572
1792	1	0.0	0.00018968158556807095
1793	1	0.0	1.8530781129141886e-07
1794	1	0.0	1.8530781129141886e-07
1795	1	0.0	1.8530781129141886e-07
1796	1	0.0	0.0003549075722830877
1797	1	0.0	0.0003549075722830877
1798	1	0.0	0.0003549075722830877
1799	1	0.0	0.0003549075722830877
1800	1	0.0	0.0003549075722830877
1801	1	0.0	0.0003549075722830877
1802	1	0.0	0.0003549075722830877
1803	1	0.0	0.0003549075722830877
1804	1	0.0	0.0003549075722830877
1805	1	0.0	0.0003549075722830877
1806	1	0.0	0.0003549075722830877
1807	1	0.0	3.052198284526565e-05
1808	1	0.0	3.052198284526565e-05
1809	1	0.0	3.052198284526565e-05
1810	1	0.0	6.0652248296442395e-05
1811	1	0.0	6.0652248296442395e-05
1812	1	0.0	6.0652248296442395e-05
1813	1	0.0	6.0652248296442395e-05
1814	1	0.0	6.0652248296442395e-05
1815	1	0.0	6.0652248296442395e-05
1816	1	0.0	6.0652248296442395e-05
1817	1	0.0	6.0652248296442395e-05
1818	1	0.0	4.577253533050477e-05
1819	2	5.728538317619953e-07	1.735506984881266e-84
1820	1	0.0	1.2271887578061623e-84
1821	1	0.0	1.2271887578061623e-84
1822	1	0.0	0.00013016716471371396
1823	2	0.0015273747321224301	0.00013291477612091532
1824	1	0.0	0.00013016716471371396
1825	1	0.0	0.0007562624549146771
1826	1	0.0	0.0007562624549146771
1827	1	0.0	0.00026703938654491343
1828	1	0.0	0.0009722703101571186
1829	1	0.0	6.517507438154122e-97
1830	1	0.0	6.517507438154122e-97
1831	1	0.0	6.517507438154122e-97
1832	1	0.0	6.517507438154122e-97
1833	1	0.0	2.0046859416002554e-07
1834	1	0.0	6.517507438154122e-97
1835	1	0.0	6.517507438154122e-97
1836	1	0.0	0.00021624643668526202
1837	2	0.0	6.517507438154122e-97
1838	1	0.0	6.517507438154122e-97
1839	1	0.0	6.517507438154122e-97
1840	2	0.0	6.517507438154122e-97
1841	1	0.0	8.64934603001508e-06
1842	3	0.0016675775042591682	1.62179521878012e-05
1843	1	0.0	5.6162599914531485e-74
1844	1	0.0	1.2271887578061623e-84
1845	2	5.728538317619953e-07	1.735506984881266e-84
1846	1	0.0	1.2271887578061623e-84
1847	2	0.0	6.517507438154122e-97
1848	1	0.0	6.517507438154122e-97
1849	1	0.0	6.517507438154122e-97
1850	2	0.0	6.517507438154122e-97
1851	2	0.0	6.517507438154122e-97
1852	1	0.0	6.517507438154122e-97
1853	1	0.0	6.517507438154122e-97
1854	1	0.0	2.151133672803937e-06
1855	1	0.0	2.151133672803937e-06
1856	1	0.0	6.517507438154122e-97
1857	1	0.0	6.517507438154122e-97
1858	1	0.0	6.517507438154122e-97
1859	1	0.0	6.517507438154122e-97
1860	2	0.0	6.517507438154122e-97
1861	3	0.0	3.4778418088871143e-79
1862	1	0.0	2.149424445387653e-79
1863	1	0.0	6.517507438154122e-97
1864	1	0.0	6.517507438154122e-97
1865	2	0.0	6.517507438154122e-97
1866	1	0.0	6.517507438154122e-97
1867	1	0.0	6.517507438154122e-97
1868	2	0.0	6.517507438154122e-97
1869	2	0.0	6.517507438154122e-97
